360 -0.001  0.000   -0.005
380 -0.008  0.000   -0.039
400 0.179   0.002   0.829
420 2.542   0.071   12.203
440 6.670   0.453   33.637
460 6.333   1.316   36.334
480 2.213   2.933   18.278
500 0.052   6.866   5.543
520 1.348   14.106  1.611
540 5.767   18.981  0.382
560 11.301  18.863  0.068
580 16.256  15.455  0.025
600 17.933  10.699  0.013
620 14.020  6.277   0.003
640 7.057   2.743   0.000
660 2.527   0.927   0.000
680 0.670   0.242   0.000
700 0.140   0.050   0.000
720 0.035   0.013   0.000
740 0.008   0.003   0.000
760 0.002   0.001   0.000
780 0.000   0.000   0.000