   3.8000000e+02   6.4000000e-02   1.1890000e-01   1.1320000e-01   5.6600000e-02   1.2200000e-01   1.1550000e-01   6.0200000e-02   1.1110000e-01   9.4100000e-02   9.5700000e-02   7.1100000e-02   7.2800000e-02   7.1500000e-02   6.0900000e-02   5.7800000e-02   6.4500000e-02   1.2620000e-01   9.5000000e-02   1.4620000e-01   1.3950000e-01   1.2820000e-01   1.0410000e-01   7.0600000e-02   3.4200000e-02
   3.8500000e+02   6.4750000e-02   1.4100000e-01   1.4110000e-01   5.7200000e-02   1.5355000e-01   1.4150000e-01   5.9400000e-02   1.3740000e-01   1.0670000e-01   1.1335000e-01   7.0200000e-02   7.3950000e-02   7.7650000e-02   5.9950000e-02   5.7200000e-02   6.3650000e-02   1.5525000e-01   1.1395000e-01   1.7990000e-01   1.7180000e-01   1.5765000e-01   1.2175000e-01   7.5650000e-02   3.6650000e-02
   3.9000000e+02   6.5500000e-02   1.6310000e-01   1.6900000e-01   5.7800000e-02   1.8510000e-01   1.6750000e-01   5.8600000e-02   1.6370000e-01   1.1930000e-01   1.3100000e-01   6.9300000e-02   7.5100000e-02   8.3800000e-02   5.9000000e-02   5.6600000e-02   6.2800000e-02   1.8430000e-01   1.3290000e-01   2.1360000e-01   2.0410000e-01   1.8710000e-01   1.3940000e-01   8.0700000e-02   3.9100000e-02
   3.9500000e+02   6.6100000e-02   1.9165000e-01   2.1235000e-01   5.7950000e-02   2.4350000e-01   2.0850000e-01   5.8550000e-02   2.0370000e-01   1.3120000e-01   1.5390000e-01   7.0150000e-02   7.5500000e-02   9.6650000e-02   6.0250000e-02   5.6150000e-02   6.1350000e-02   2.4045000e-01   1.6095000e-01   3.0270000e-01   2.8200000e-01   2.3585000e-01   1.5810000e-01   8.4850000e-02   3.8050000e-02
   4.0000000e+02   6.6700000e-02   2.2020000e-01   2.5570000e-01   5.8100000e-02   3.0190000e-01   2.4950000e-01   5.8500000e-02   2.4370000e-01   1.4310000e-01   1.7680000e-01   7.1000000e-02   7.5900000e-02   1.0950000e-01   6.1500000e-02   5.5700000e-02   5.9900000e-02   2.9660000e-01   1.8900000e-01   3.9180000e-01   3.5990000e-01   2.8460000e-01   1.7680000e-01   8.9000000e-02   3.7000000e-02
   4.0500000e+02   6.6900000e-02   2.3260000e-01   2.8330000e-01   5.8600000e-02   3.4785000e-01   2.7760000e-01   5.7900000e-02   2.7245000e-01   1.4590000e-01   1.9245000e-01   7.1050000e-02   7.5500000e-02   1.3305000e-01   6.0900000e-02   5.5350000e-02   6.0150000e-02   3.3265000e-01   2.1180000e-01   5.2535000e-01   4.4480000e-01   3.1710000e-01   1.8565000e-01   9.1350000e-02   3.7400000e-02
   4.1000000e+02   6.7100000e-02   2.4500000e-01   3.1090000e-01   5.9100000e-02   3.9380000e-01   3.0570000e-01   5.7300000e-02   3.0120000e-01   1.4870000e-01   2.0810000e-01   7.1100000e-02   7.5100000e-02   1.5660000e-01   6.0300000e-02   5.5000000e-02   6.0400000e-02   3.6870000e-01   2.3460000e-01   6.5890000e-01   5.2970000e-01   3.4960000e-01   1.9450000e-01   9.3700000e-02   3.7800000e-02
   4.1500000e+02   6.6850000e-02   2.4560000e-01   3.1680000e-01   5.9800000e-02   4.0920000e-01   3.1590000e-01   5.7450000e-02   3.1715000e-01   1.4800000e-01   2.1155000e-01   7.1150000e-02   7.4700000e-02   1.8075000e-01   6.0700000e-02   5.4150000e-02   6.0300000e-02   3.7555000e-01   2.4515000e-01   7.4355000e-01   5.6225000e-01   3.5810000e-01   1.9680000e-01   9.3700000e-02   3.7600000e-02
   4.2000000e+02   6.6600000e-02   2.4620000e-01   3.2270000e-01   6.0500000e-02   4.2460000e-01   3.2610000e-01   5.7600000e-02   3.3310000e-01   1.4730000e-01   2.1500000e-01   7.1200000e-02   7.4300000e-02   2.0490000e-01   6.1100000e-02   5.3300000e-02   6.0200000e-02   3.8240000e-01   2.5570000e-01   8.2820000e-01   5.9480000e-01   3.6660000e-01   1.9910000e-01   9.3700000e-02   3.7400000e-02
   4.2500000e+02   6.6100000e-02   2.4500000e-01   3.2570000e-01   6.1750000e-02   4.2980000e-01   3.3385000e-01   5.7300000e-02   3.4765000e-01   1.4645000e-01   2.0880000e-01   7.1700000e-02   7.4100000e-02   2.2700000e-01   6.1450000e-02   5.3000000e-02   6.0500000e-02   3.7740000e-01   2.6715000e-01   8.5170000e-01   6.0050000e-01   3.6880000e-01   2.0060000e-01   9.4200000e-02   3.7150000e-02
   4.3000000e+02   6.5600000e-02   2.4380000e-01   3.2870000e-01   6.3000000e-02   4.3500000e-01   3.4160000e-01   5.7000000e-02   3.6220000e-01   1.4560000e-01   2.0260000e-01   7.2200000e-02   7.3900000e-02   2.4910000e-01   6.1800000e-02   5.2700000e-02   6.0800000e-02   3.7240000e-01   2.7860000e-01   8.7520000e-01   6.0620000e-01   3.7100000e-01   2.0210000e-01   9.4700000e-02   3.6900000e-02
   4.3500000e+02   6.5550000e-02   2.4275000e-01   3.3255000e-01   6.3950000e-02   4.3745000e-01   3.4940000e-01   5.6950000e-02   3.7665000e-01   1.4465000e-01   1.9070000e-01   7.3500000e-02   7.3900000e-02   2.7630000e-01   6.2750000e-02   5.2400000e-02   6.1550000e-02   3.6060000e-01   2.9420000e-01   8.7915000e-01   6.0710000e-01   3.7205000e-01   2.0345000e-01   9.5250000e-02   3.6900000e-02
   4.4000000e+02   6.5500000e-02   2.4170000e-01   3.3640000e-01   6.4900000e-02   4.3990000e-01   3.5720000e-01   5.6900000e-02   3.9110000e-01   1.4370000e-01   1.7880000e-01   7.4800000e-02   7.3900000e-02   3.0350000e-01   6.3700000e-02   5.2100000e-02   6.2300000e-02   3.4880000e-01   3.0980000e-01   8.8310000e-01   6.0800000e-01   3.7310000e-01   2.0480000e-01   9.5800000e-02   3.6900000e-02
   4.4500000e+02   6.5300000e-02   2.4125000e-01   3.3945000e-01   6.5700000e-02   4.4070000e-01   3.6835000e-01   5.6950000e-02   3.9945000e-01   1.4295000e-01   1.6550000e-01   7.7000000e-02   7.4050000e-02   3.3380000e-01   6.5500000e-02   5.2000000e-02   6.4300000e-02   3.3360000e-01   3.2795000e-01   8.8495000e-01   6.0795000e-01   3.7360000e-01   2.0560000e-01   9.6050000e-02   3.6600000e-02
   4.5000000e+02   6.5100000e-02   2.4080000e-01   3.4250000e-01   6.6500000e-02   4.4150000e-01   3.7950000e-01   5.7000000e-02   4.0780000e-01   1.4220000e-01   1.5220000e-01   7.9200000e-02   7.4200000e-02   3.6410000e-01   6.7300000e-02   5.1900000e-02   6.6300000e-02   3.1840000e-01   3.4610000e-01   8.8680000e-01   6.0790000e-01   3.7410000e-01   2.0640000e-01   9.6300000e-02   3.6300000e-02
   4.5500000e+02   6.5100000e-02   2.4115000e-01   3.4115000e-01   6.6900000e-02   4.3895000e-01   3.9705000e-01   5.7200000e-02   4.0410000e-01   1.4065000e-01   1.3955000e-01   8.3550000e-02   7.4650000e-02   3.7125000e-01   7.0850000e-02   5.1400000e-02   6.9550000e-02   3.0205000e-01   3.6570000e-01   8.8890000e-01   6.0685000e-01   3.7310000e-01   2.0585000e-01   9.5750000e-02   3.6050000e-02
   4.6000000e+02   6.5100000e-02   2.4150000e-01   3.3980000e-01   6.7300000e-02   4.3640000e-01   4.1460000e-01   5.7400000e-02   4.0040000e-01   1.3910000e-01   1.2690000e-01   8.7900000e-02   7.5100000e-02   3.7840000e-01   7.4400000e-02   5.0900000e-02   7.2800000e-02   2.8570000e-01   3.8530000e-01   8.9100000e-01   6.0580000e-01   3.7210000e-01   2.0530000e-01   9.5200000e-02   3.5800000e-02
   4.6500000e+02   6.4850000e-02   2.4270000e-01   3.3435000e-01   6.7600000e-02   4.2925000e-01   4.3780000e-01   5.7550000e-02   3.8530000e-01   1.3640000e-01   1.1595000e-01   9.5750000e-02   7.5500000e-02   3.5910000e-01   8.1200000e-02   5.0300000e-02   7.9150000e-02   2.7030000e-01   4.0675000e-01   8.9215000e-01   6.0405000e-01   3.7020000e-01   2.0435000e-01   9.4650000e-02   3.5650000e-02
   4.7000000e+02   6.4600000e-02   2.4390000e-01   3.2890000e-01   6.7900000e-02   4.2210000e-01   4.6100000e-01   5.7700000e-02   3.7020000e-01   1.3370000e-01   1.0500000e-01   1.0360000e-01   7.5900000e-02   3.3980000e-01   8.8000000e-02   4.9700000e-02   8.5500000e-02   2.5490000e-01   4.2820000e-01   8.9330000e-01   6.0230000e-01   3.6830000e-01   2.0340000e-01   9.4100000e-02   3.5500000e-02
   4.7500000e+02   6.4600000e-02   2.4895000e-01   3.2260000e-01   6.8400000e-02   4.1065000e-01   4.8365000e-01   5.8250000e-02   3.4660000e-01   1.3065000e-01   9.7000000e-02   1.1695000e-01   7.7200000e-02   3.0305000e-01   1.0015000e-01   4.9150000e-02   9.6150000e-02   2.3930000e-01   4.4040000e-01   8.9435000e-01   6.0140000e-01   3.6720000e-01   2.0260000e-01   9.3700000e-02   3.5350000e-02
   4.8000000e+02   6.4600000e-02   2.5400000e-01   3.1630000e-01   6.8900000e-02   3.9920000e-01   5.0630000e-01   5.8800000e-02   3.2300000e-01   1.2760000e-01   8.9000000e-02   1.3030000e-01   7.8500000e-02   2.6630000e-01   1.1230000e-01   4.8600000e-02   1.0680000e-01   2.2370000e-01   4.5260000e-01   8.9540000e-01   6.0050000e-01   3.6610000e-01   2.0180000e-01   9.3300000e-02   3.5200000e-02
   4.8500000e+02   6.4850000e-02   2.6515000e-01   3.1060000e-01   7.0000000e-02   3.8120000e-01   5.2620000e-01   5.9850000e-02   2.9495000e-01   1.2465000e-01   8.2650000e-02   1.5165000e-01   8.0900000e-02   2.2670000e-01   1.3180000e-01   4.8200000e-02   1.2385000e-01   2.0820000e-01   4.5290000e-01   8.9705000e-01   6.0035000e-01   3.6550000e-01   2.0170000e-01   9.3150000e-02   3.5050000e-02
   4.9000000e+02   6.5100000e-02   2.7630000e-01   3.0490000e-01   7.1100000e-02   3.6320000e-01   5.4610000e-01   6.0900000e-02   2.6690000e-01   1.2170000e-01   7.6300000e-02   1.7300000e-01   8.3300000e-02   1.8710000e-01   1.5130000e-01   4.7800000e-02   1.4090000e-01   1.9270000e-01   4.5320000e-01   8.9870000e-01   6.0020000e-01   3.6490000e-01   2.0160000e-01   9.3000000e-02   3.4900000e-02
   4.9500000e+02   6.5900000e-02   2.8925000e-01   2.9730000e-01   7.3900000e-02   3.4290000e-01   5.6015000e-01   6.3450000e-02   2.4120000e-01   1.1890000e-01   7.1550000e-02   2.0845000e-01   8.8200000e-02   1.5515000e-01   1.8270000e-01   4.7350000e-02   1.6925000e-01   1.8080000e-01   4.4230000e-01   9.0000000e-01   6.0035000e-01   3.6495000e-01   2.0170000e-01   9.3050000e-02   3.4800000e-02
   5.0000000e+02   6.6700000e-02   3.0220000e-01   2.8970000e-01   7.6700000e-02   3.2260000e-01   5.7420000e-01   6.6000000e-02   2.1550000e-01   1.1610000e-01   6.6800000e-02   2.4390000e-01   9.3100000e-02   1.2320000e-01   2.1410000e-01   4.6900000e-02   1.9760000e-01   1.6890000e-01   4.3140000e-01   9.0130000e-01   6.0050000e-01   3.6500000e-01   2.0180000e-01   9.3100000e-02   3.4700000e-02
   5.0500000e+02   6.9650000e-02   3.0895000e-01   2.7825000e-01   8.6750000e-02   3.0650000e-01   5.8055000e-01   7.5700000e-02   1.9565000e-01   1.1305000e-01   6.3900000e-02   2.9765000e-01   1.1000000e-01   1.0300000e-01   2.5670000e-01   4.6650000e-02   2.4595000e-01   1.6015000e-01   4.1195000e-01   9.0310000e-01   6.0165000e-01   3.6560000e-01   2.0245000e-01   9.3200000e-02   3.4550000e-02
   5.1000000e+02   7.2600000e-02   3.1570000e-01   2.6680000e-01   9.6800000e-02   2.9040000e-01   5.8690000e-01   8.5400000e-02   1.7580000e-01   1.1000000e-01   6.1000000e-02   3.5140000e-01   1.2690000e-01   8.2800000e-02   2.9930000e-01   4.6400000e-02   2.9430000e-01   1.5140000e-01   3.9250000e-01   9.0490000e-01   6.0280000e-01   3.6620000e-01   2.0310000e-01   9.3300000e-02   3.4400000e-02
   5.1500000e+02   7.6400000e-02   3.1535000e-01   2.5445000e-01   1.1810000e-01   2.7575000e-01   5.8570000e-01   1.0555000e-01   1.6055000e-01   1.0725000e-01   5.9150000e-02   4.0800000e-01   1.6775000e-01   7.1950000e-02   3.2750000e-01   4.6250000e-02   3.6275000e-01   1.4035000e-01   3.6685000e-01   9.0700000e-01   6.0440000e-01   3.6710000e-01   2.0380000e-01   9.3600000e-02   3.4400000e-02
   5.2000000e+02   8.0200000e-02   3.1500000e-01   2.4210000e-01   1.3940000e-01   2.6110000e-01   5.8450000e-01   1.2570000e-01   1.4530000e-01   1.0450000e-01   5.7300000e-02   4.6460000e-01   2.0860000e-01   6.1100000e-02   3.5570000e-01   4.6100000e-02   4.3120000e-01   1.2930000e-01   3.4120000e-01   9.0910000e-01   6.0600000e-01   3.6800000e-01   2.0450000e-01   9.3900000e-02   3.4400000e-02
   5.2500000e+02   8.1900000e-02   3.1360000e-01   2.3340000e-01   1.5945000e-01   2.4720000e-01   5.7670000e-01   1.4215000e-01   1.3435000e-01   1.0310000e-01   5.5600000e-02   4.9935000e-01   2.5395000e-01   5.6100000e-02   3.5475000e-01   4.6200000e-02   4.9185000e-01   1.1855000e-01   3.1325000e-01   9.1040000e-01   6.0715000e-01   3.6855000e-01   2.0495000e-01   9.3900000e-02   3.4250000e-02
   5.3000000e+02   8.3600000e-02   3.1220000e-01   2.2470000e-01   1.7950000e-01   2.3330000e-01   5.6890000e-01   1.5860000e-01   1.2340000e-01   1.0170000e-01   5.3900000e-02   5.3410000e-01   2.9930000e-01   5.1100000e-02   3.5380000e-01   4.6300000e-02   5.5250000e-01   1.0780000e-01   2.8530000e-01   9.1170000e-01   6.0830000e-01   3.6910000e-01   2.0540000e-01   9.3900000e-02   3.4100000e-02
   5.3500000e+02   8.4050000e-02   3.1195000e-01   2.1740000e-01   1.8645000e-01   2.2640000e-01   5.5595000e-01   1.6705000e-01   1.1690000e-01   1.0165000e-01   5.3050000e-02   5.4545000e-01   3.2745000e-01   4.8900000e-02   3.4440000e-01   4.6450000e-02   5.8710000e-01   1.0410000e-01   2.5890000e-01   9.1470000e-01   6.0950000e-01   3.6965000e-01   2.0575000e-01   9.4000000e-02   3.4100000e-02
   5.4000000e+02   8.4500000e-02   3.1170000e-01   2.1010000e-01   1.9340000e-01   2.1950000e-01   5.4300000e-01   1.7550000e-01   1.1040000e-01   1.0160000e-01   5.2200000e-02   5.5680000e-01   3.5560000e-01   4.6700000e-02   3.3500000e-01   4.6600000e-02   6.2170000e-01   1.0040000e-01   2.3250000e-01   9.1770000e-01   6.1070000e-01   3.7020000e-01   2.0610000e-01   9.4100000e-02   3.4100000e-02
   5.4500000e+02   8.5400000e-02   3.1110000e-01   1.9910000e-01   1.8805000e-01   2.1780000e-01   5.2430000e-01   1.8510000e-01   1.0620000e-01   1.0160000e-01   5.2400000e-02   5.5485000e-01   3.7535000e-01   4.5700000e-02   3.2275000e-01   4.7050000e-02   6.3980000e-01   1.0270000e-01   2.0830000e-01   9.2105000e-01   6.1160000e-01   3.7050000e-01   2.0615000e-01   9.3950000e-02   3.3950000e-02
   5.5000000e+02   8.6300000e-02   3.1050000e-01   1.8810000e-01   1.8270000e-01   2.1610000e-01   5.0560000e-01   1.9470000e-01   1.0200000e-01   1.0160000e-01   5.2600000e-02   5.5290000e-01   3.9510000e-01   4.4700000e-02   3.1050000e-01   4.7500000e-02   6.5790000e-01   1.0500000e-01   1.8410000e-01   9.2440000e-01   6.1250000e-01   3.7080000e-01   2.0620000e-01   9.3800000e-02   3.3800000e-02
   5.5500000e+02   8.8700000e-02   3.1075000e-01   1.7560000e-01   1.7125000e-01   2.1285000e-01   4.8255000e-01   2.1640000e-01   9.8450000e-02   1.0200000e-01   5.3150000e-02   5.4350000e-01   4.2325000e-01   4.4050000e-02   2.9150000e-01   4.8400000e-02   6.6960000e-01   1.0555000e-01   1.6325000e-01   9.2590000e-01   6.1265000e-01   3.7075000e-01   2.0605000e-01   9.3600000e-02   3.3700000e-02
   5.6000000e+02   9.1100000e-02   3.1100000e-01   1.6310000e-01   1.5980000e-01   2.0960000e-01   4.5950000e-01   2.3810000e-01   9.4900000e-02   1.0240000e-01   5.3700000e-02   5.3410000e-01   4.5140000e-01   4.3400000e-02   2.7250000e-01   4.9300000e-02   6.8130000e-01   1.0610000e-01   1.4240000e-01   9.2740000e-01   6.1280000e-01   3.7070000e-01   2.0590000e-01   9.3400000e-02   3.3600000e-02
   5.6500000e+02   9.6800000e-02   3.1670000e-01   1.5530000e-01   1.5005000e-01   2.0605000e-01   4.3615000e-01   2.8010000e-01   9.2600000e-02   1.0585000e-01   5.4150000e-02   5.2180000e-01   4.9430000e-01   4.3200000e-02   2.5415000e-01   5.1800000e-02   6.9250000e-01   1.0715000e-01   1.2840000e-01   9.3000000e-01   6.1440000e-01   3.7225000e-01   2.0635000e-01   9.3400000e-02   3.3550000e-02
   5.7000000e+02   1.0250000e-01   3.2240000e-01   1.4750000e-01   1.4030000e-01   2.0250000e-01   4.1280000e-01   3.2210000e-01   9.0300000e-02   1.0930000e-01   5.4600000e-02   5.0950000e-01   5.3720000e-01   4.3000000e-02   2.3580000e-01   5.4300000e-02   7.0370000e-01   1.0820000e-01   1.1440000e-01   9.3260000e-01   6.1600000e-01   3.7380000e-01   2.0680000e-01   9.3400000e-02   3.3500000e-02
   5.7500000e+02   1.1135000e-01   3.5330000e-01   1.5115000e-01   1.3445000e-01   2.0265000e-01   3.8765000e-01   3.7900000e-01   8.9250000e-02   1.3200000e-01   5.4350000e-02   4.9225000e-01   5.8035000e-01   4.2750000e-02   2.2100000e-01   5.9700000e-02   7.1120000e-01   1.2095000e-01   1.0595000e-01   9.3385000e-01   6.1635000e-01   3.7445000e-01   2.0690000e-01   9.3200000e-02   3.3400000e-02
   5.8000000e+02   1.2020000e-01   3.8420000e-01   1.5480000e-01   1.2860000e-01   2.0280000e-01   3.6250000e-01   4.3590000e-01   8.8200000e-02   1.5470000e-01   5.4100000e-02   4.7500000e-01   6.2350000e-01   4.2500000e-02   2.0620000e-01   6.5100000e-02   7.1870000e-01   1.3370000e-01   9.7500000e-02   9.3510000e-01   6.1670000e-01   3.7510000e-01   2.0700000e-01   9.3000000e-02   3.3300000e-02
   5.8500000e+02   1.2945000e-01   4.2955000e-01   1.6020000e-01   1.2530000e-01   2.0755000e-01   3.3660000e-01   4.9040000e-01   8.7800000e-02   2.1600000e-01   5.4250000e-02   4.5365000e-01   6.5070000e-01   4.2500000e-02   1.9105000e-01   7.7150000e-02   7.2380000e-01   1.6415000e-01   9.2600000e-02   9.3720000e-01   6.1660000e-01   3.7550000e-01   2.0680000e-01   9.2750000e-02   3.3200000e-02
   5.9000000e+02   1.3870000e-01   4.7490000e-01   1.6560000e-01   1.2200000e-01   2.1230000e-01   3.1070000e-01   5.4490000e-01   8.7400000e-02   2.7730000e-01   5.4400000e-02   4.3230000e-01   6.7790000e-01   4.2500000e-02   1.7590000e-01   8.9200000e-02   7.2890000e-01   1.9460000e-01   8.7700000e-02   9.3930000e-01   6.1650000e-01   3.7590000e-01   2.0660000e-01   9.2500000e-02   3.3100000e-02
   5.9500000e+02   1.4400000e-01   4.9540000e-01   1.6305000e-01   1.1890000e-01   2.2050000e-01   2.8600000e-01   5.7435000e-01   8.7200000e-02   3.5250000e-01   5.6600000e-02   4.0850000e-01   6.8210000e-01   4.2450000e-02   1.5965000e-01   1.2000000e-01   7.3065000e-01   2.3725000e-01   8.3750000e-02   9.4000000e-01   6.1575000e-01   3.7510000e-01   2.0590000e-01   9.2150000e-02   3.3100000e-02
   6.0000000e+02   1.4930000e-01   5.1590000e-01   1.6050000e-01   1.1580000e-01   2.2870000e-01   2.6130000e-01   6.0380000e-01   8.7000000e-02   4.2770000e-01   5.8800000e-02   3.8470000e-01   6.8630000e-01   4.2400000e-02   1.4340000e-01   1.5080000e-01   7.3240000e-01   2.7990000e-01   7.9800000e-02   9.4070000e-01   6.1500000e-01   3.7430000e-01   2.0520000e-01   9.1800000e-02   3.3100000e-02
   6.0500000e+02   1.5105000e-01   5.2020000e-01   1.5600000e-01   1.1295000e-01   2.3665000e-01   2.4435000e-01   6.0760000e-01   8.6550000e-02   4.8090000e-01   6.4900000e-02   3.6650000e-01   6.7415000e-01   4.2350000e-02   1.3030000e-01   2.1935000e-01   7.3215000e-01   3.3320000e-01   7.7050000e-02   9.4060000e-01   6.1395000e-01   3.7330000e-01   2.0420000e-01   9.1350000e-02   3.3000000e-02
   6.1000000e+02   1.5280000e-01   5.2450000e-01   1.5150000e-01   1.1010000e-01   2.4460000e-01   2.2740000e-01   6.1140000e-01   8.6100000e-02   5.3410000e-01   7.1000000e-02   3.4830000e-01   6.6200000e-01   4.2300000e-02   1.1720000e-01   2.8790000e-01   7.3190000e-01   3.8650000e-01   7.4300000e-02   9.4050000e-01   6.1290000e-01   3.7230000e-01   2.0320000e-01   9.0900000e-02   3.2900000e-02
   6.1500000e+02   1.5460000e-01   5.2805000e-01   1.4935000e-01   1.0905000e-01   2.4800000e-01   2.1855000e-01   6.0580000e-01   8.5750000e-02   5.5860000e-01   8.1200000e-02   3.3835000e-01   6.4620000e-01   4.2500000e-02   1.0930000e-01   3.7685000e-01   7.3160000e-01   4.4760000e-01   7.3050000e-02   9.4085000e-01   6.1150000e-01   3.7090000e-01   2.0220000e-01   9.0450000e-02   3.2850000e-02
   6.2000000e+02   1.5640000e-01   5.3160000e-01   1.4720000e-01   1.0800000e-01   2.5140000e-01   2.0970000e-01   6.0020000e-01   8.5400000e-02   5.8310000e-01   9.1400000e-02   3.2840000e-01   6.3040000e-01   4.2700000e-02   1.0140000e-01   4.6580000e-01   7.3130000e-01   5.0870000e-01   7.1800000e-02   9.4120000e-01   6.1010000e-01   3.6950000e-01   2.0120000e-01   9.0000000e-02   3.2800000e-02
   6.2500000e+02   1.6015000e-01   5.3980000e-01   1.4620000e-01   1.0865000e-01   2.5565000e-01   2.0515000e-01   5.9425000e-01   8.5600000e-02   5.9140000e-01   1.0250000e-01   3.2315000e-01   6.1880000e-01   4.2750000e-02   9.6850000e-02   5.3315000e-01   7.3075000e-01   5.6500000e-01   7.1400000e-02   9.4125000e-01   6.0845000e-01   3.6780000e-01   1.9995000e-01   8.9500000e-02   3.2750000e-02
   6.3000000e+02   1.6390000e-01   5.4800000e-01   1.4520000e-01   1.0930000e-01   2.5990000e-01   2.0060000e-01   5.8830000e-01   8.5800000e-02   5.9970000e-01   1.1360000e-01   3.1790000e-01   6.0720000e-01   4.2800000e-02   9.2300000e-02   6.0050000e-01   7.3020000e-01   6.2130000e-01   7.1000000e-02   9.4130000e-01   6.0680000e-01   3.6610000e-01   1.9870000e-01   8.9000000e-02   3.2700000e-02
   6.3500000e+02   1.6945000e-01   5.5920000e-01   1.4485000e-01   1.1075000e-01   2.7175000e-01   1.9740000e-01   5.8235000e-01   8.7400000e-02   6.0140000e-01   1.2350000e-01   3.1450000e-01   6.0075000e-01   4.3000000e-02   8.9350000e-02   6.3705000e-01   7.3040000e-01   6.6370000e-01   7.0800000e-02   9.4305000e-01   6.0565000e-01   3.6465000e-01   1.9775000e-01   8.8550000e-02   3.2750000e-02
   6.4000000e+02   1.7500000e-01   5.7040000e-01   1.4450000e-01   1.1220000e-01   2.8360000e-01   1.9420000e-01   5.7640000e-01   8.9000000e-02   6.0310000e-01   1.3340000e-01   3.1110000e-01   5.9430000e-01   4.3200000e-02   8.6400000e-02   6.7360000e-01   7.3060000e-01   7.0610000e-01   7.0600000e-02   9.4480000e-01   6.0450000e-01   3.6320000e-01   1.9680000e-01   8.8100000e-02   3.2800000e-02
   6.4500000e+02   1.8065000e-01   5.8045000e-01   1.4605000e-01   1.1330000e-01   3.0060000e-01   1.9175000e-01   5.6940000e-01   9.1550000e-02   6.0215000e-01   1.4295000e-01   3.0840000e-01   5.8875000e-01   4.3150000e-02   8.4100000e-02   6.9075000e-01   7.2995000e-01   7.3410000e-01   7.1000000e-02   9.4610000e-01   6.0305000e-01   3.6150000e-01   1.9570000e-01   8.7700000e-02   3.2750000e-02
   6.5000000e+02   1.8630000e-01   5.9050000e-01   1.4760000e-01   1.1440000e-01   3.1760000e-01   1.8930000e-01   5.6240000e-01   9.4100000e-02   6.0120000e-01   1.5250000e-01   3.0570000e-01   5.8320000e-01   4.3100000e-02   8.1800000e-02   7.0790000e-01   7.2930000e-01   7.6210000e-01   7.1400000e-02   9.4740000e-01   6.0160000e-01   3.5980000e-01   1.9460000e-01   8.7300000e-02   3.2700000e-02
   6.5500000e+02   1.9070000e-01   5.9660000e-01   1.5065000e-01   1.1475000e-01   3.3440000e-01   1.8950000e-01   5.5615000e-01   9.7650000e-02   6.0375000e-01   1.6385000e-01   3.0640000e-01   5.7855000e-01   4.3250000e-02   8.0100000e-02   7.1685000e-01   7.2910000e-01   7.8115000e-01   7.2400000e-02   9.4770000e-01   5.9985000e-01   3.5820000e-01   1.9360000e-01   8.6900000e-02   3.2750000e-02
   6.6000000e+02   1.9510000e-01   6.0270000e-01   1.5370000e-01   1.1510000e-01   3.5120000e-01   1.8970000e-01   5.4990000e-01   1.0120000e-01   6.0630000e-01   1.7520000e-01   3.0710000e-01   5.7390000e-01   4.3400000e-02   7.8400000e-02   7.2580000e-01   7.2890000e-01   8.0020000e-01   7.3400000e-02   9.4800000e-01   5.9810000e-01   3.5660000e-01   1.9260000e-01   8.6500000e-02   3.2800000e-02
   6.6500000e+02   1.9580000e-01   6.0010000e-01   1.5495000e-01   1.1415000e-01   3.6000000e-01   1.9330000e-01   5.4550000e-01   1.0610000e-01   6.1320000e-01   1.8915000e-01   3.1240000e-01   5.7225000e-01   4.3350000e-02   7.7600000e-02   7.3055000e-01   7.2915000e-01   8.1190000e-01   7.4000000e-02   9.4595000e-01   5.9585000e-01   3.5470000e-01   1.9120000e-01   8.6050000e-02   3.2750000e-02
   6.7000000e+02   1.9650000e-01   5.9750000e-01   1.5620000e-01   1.1320000e-01   3.6880000e-01   1.9690000e-01   5.4110000e-01   1.1100000e-01   6.2010000e-01   2.0310000e-01   3.1770000e-01   5.7060000e-01   4.3300000e-02   7.6800000e-02   7.3530000e-01   7.2940000e-01   8.2360000e-01   7.4600000e-02   9.4390000e-01   5.9360000e-01   3.5280000e-01   1.8980000e-01   8.5600000e-02   3.2700000e-02
   6.7500000e+02   1.9320000e-01   5.8785000e-01   1.5405000e-01   1.1115000e-01   3.6745000e-01   2.0260000e-01   5.4005000e-01   1.1795000e-01   6.3010000e-01   2.2050000e-01   3.2560000e-01   5.7230000e-01   4.3350000e-02   7.6650000e-02   7.3860000e-01   7.3090000e-01   8.2995000e-01   7.4300000e-02   9.4305000e-01   5.9110000e-01   3.5085000e-01   1.8840000e-01   8.5150000e-02   3.2700000e-02
   6.8000000e+02   1.8990000e-01   5.7820000e-01   1.5190000e-01   1.0910000e-01   3.6610000e-01   2.0830000e-01   5.3900000e-01   1.2490000e-01   6.4010000e-01   2.3790000e-01   3.3350000e-01   5.7400000e-01   4.3400000e-02   7.6500000e-02   7.4190000e-01   7.3240000e-01   8.3630000e-01   7.4000000e-02   9.4220000e-01   5.8860000e-01   3.4890000e-01   1.8700000e-01   8.4700000e-02   3.2700000e-02
   6.8500000e+02   1.8660000e-01   5.6960000e-01   1.4830000e-01   1.0755000e-01   3.6150000e-01   2.1400000e-01   5.4180000e-01   1.3500000e-01   6.4990000e-01   2.5920000e-01   3.4170000e-01   5.7930000e-01   4.3750000e-02   7.7050000e-02   7.4465000e-01   7.3505000e-01   8.4030000e-01   7.3150000e-02   9.4255000e-01   5.8630000e-01   3.4705000e-01   1.8555000e-01   8.4350000e-02   3.2650000e-02
   6.9000000e+02   1.8330000e-01   5.6100000e-01   1.4470000e-01   1.0600000e-01   3.5690000e-01   2.1970000e-01   5.4460000e-01   1.4510000e-01   6.5970000e-01   2.8050000e-01   3.4990000e-01   5.8460000e-01   4.4100000e-02   7.7600000e-02   7.4740000e-01   7.3770000e-01   8.4430000e-01   7.2300000e-02   9.4290000e-01   5.8400000e-01   3.4520000e-01   1.8410000e-01   8.4000000e-02   3.2600000e-02
   6.9500000e+02   1.8305000e-01   5.5860000e-01   1.3990000e-01   1.0575000e-01   3.5580000e-01   2.2425000e-01   5.5085000e-01   1.5885000e-01   6.6705000e-01   3.0420000e-01   3.5640000e-01   5.9310000e-01   4.4550000e-02   7.8800000e-02   7.4930000e-01   7.4070000e-01   8.4675000e-01   7.1200000e-02   9.4210000e-01   5.8145000e-01   3.4320000e-01   1.8285000e-01   8.3550000e-02   3.2550000e-02
   7.0000000e+02   1.8280000e-01   5.5620000e-01   1.3510000e-01   1.0550000e-01   3.5470000e-01   2.2880000e-01   5.5710000e-01   1.7260000e-01   6.7440000e-01   3.2790000e-01   3.6290000e-01   6.0160000e-01   4.5000000e-02   8.0000000e-02   7.5120000e-01   7.4370000e-01   8.4920000e-01   7.0100000e-02   9.4130000e-01   5.7890000e-01   3.4120000e-01   1.8160000e-01   8.3100000e-02   3.2500000e-02
   7.0500000e+02   1.8565000e-01   5.5950000e-01   1.3140000e-01   1.0665000e-01   3.5785000e-01   2.2970000e-01   5.6515000e-01   1.9105000e-01   6.7615000e-01   3.5140000e-01   3.6540000e-01   6.1080000e-01   4.6150000e-02   8.1550000e-02   7.5245000e-01   7.4660000e-01   8.5045000e-01   6.9450000e-02   9.3990000e-01   5.7710000e-01   3.3910000e-01   1.8070000e-01   8.2750000e-02   3.2400000e-02
   7.1000000e+02   1.8850000e-01   5.6280000e-01   1.2770000e-01   1.0780000e-01   3.6100000e-01   2.3060000e-01   5.7320000e-01   2.0950000e-01   6.7790000e-01   3.7490000e-01   3.6790000e-01   6.2000000e-01   4.7300000e-02   8.3100000e-02   7.5370000e-01   7.4950000e-01   8.5170000e-01   6.8800000e-02   9.3850000e-01   5.7530000e-01   3.3700000e-01   1.7980000e-01   8.2400000e-02   3.2300000e-02
   7.1500000e+02   1.9255000e-01   5.6710000e-01   1.2890000e-01   1.0925000e-01   3.6565000e-01   2.2710000e-01   5.7695000e-01   2.3190000e-01   6.7275000e-01   3.9895000e-01   3.6500000e-01   6.2430000e-01   4.8650000e-02   8.3850000e-02   7.5235000e-01   7.4950000e-01   8.5170000e-01   6.9450000e-02   9.3410000e-01   5.7165000e-01   3.3410000e-01   1.7875000e-01   8.1650000e-02   3.2200000e-02
   7.2000000e+02   1.9660000e-01   5.7140000e-01   1.3010000e-01   1.1070000e-01   3.7030000e-01   2.2360000e-01   5.8070000e-01   2.5430000e-01   6.6760000e-01   4.2300000e-01   3.6210000e-01   6.2860000e-01   5.0000000e-02   8.4600000e-02   7.5100000e-01   7.4950000e-01   8.5170000e-01   7.0100000e-02   9.2970000e-01   5.6800000e-01   3.3120000e-01   1.7770000e-01   8.0900000e-02   3.2100000e-02
   7.2500000e+02   2.0300000e-01   5.7935000e-01   1.3645000e-01   1.1275000e-01   3.7810000e-01   2.2195000e-01   5.8435000e-01   2.8025000e-01   6.6630000e-01   4.5185000e-01   3.6080000e-01   6.3110000e-01   5.2450000e-02   8.4900000e-02   7.5095000e-01   7.4990000e-01   8.5380000e-01   7.2900000e-02   9.2745000e-01   5.6640000e-01   3.2900000e-01   1.7685000e-01   8.0550000e-02   3.2100000e-02
   7.3000000e+02   2.0940000e-01   5.8730000e-01   1.4280000e-01   1.1480000e-01   3.8590000e-01   2.2030000e-01   5.8800000e-01   3.0620000e-01   6.6500000e-01   4.8070000e-01   3.5950000e-01   6.3360000e-01   5.4900000e-02   8.5200000e-02   7.5090000e-01   7.5030000e-01   8.5590000e-01   7.5700000e-02   9.2520000e-01   5.6480000e-01   3.2680000e-01   1.7600000e-01   8.0200000e-02   3.2100000e-02
   7.3500000e+02   2.1580000e-01   5.9525000e-01   1.4915000e-01   1.1685000e-01   3.9370000e-01   2.1865000e-01   5.9165000e-01   3.3215000e-01   6.6370000e-01   5.0955000e-01   3.5820000e-01   6.3610000e-01   5.7350000e-02   8.5500000e-02   7.5085000e-01   7.5070000e-01   8.5800000e-01   7.8500000e-02   9.2295000e-01   5.6320000e-01   3.2460000e-01   1.7515000e-01   7.9850000e-02   3.2100000e-02
   7.4000000e+02   2.2220000e-01   6.0320000e-01   1.5550000e-01   1.1890000e-01   4.0150000e-01   2.1700000e-01   5.9530000e-01   3.5810000e-01   6.6240000e-01   5.3840000e-01   3.5690000e-01   6.3860000e-01   5.9800000e-02   8.5800000e-02   7.5080000e-01   7.5110000e-01   8.6010000e-01   8.1300000e-02   9.2070000e-01   5.6160000e-01   3.2240000e-01   1.7430000e-01   7.9500000e-02   3.2100000e-02
   7.4500000e+02   2.2860000e-01   6.1115000e-01   1.6185000e-01   1.2095000e-01   4.0930000e-01   2.1535000e-01   5.9895000e-01   3.8405000e-01   6.6110000e-01   5.6725000e-01   3.5560000e-01   6.4110000e-01   6.2250000e-02   8.6100000e-02   7.5075000e-01   7.5150000e-01   8.6220000e-01   8.4100000e-02   9.1845000e-01   5.6000000e-01   3.2020000e-01   1.7345000e-01   7.9150000e-02   3.2100000e-02
   7.5000000e+02   2.3500000e-01   6.1910000e-01   1.6820000e-01   1.2300000e-01   4.1710000e-01   2.1370000e-01   6.0260000e-01   4.1000000e-01   6.5980000e-01   5.9610000e-01   3.5430000e-01   6.4360000e-01   6.4700000e-02   8.6400000e-02   7.5070000e-01   7.5190000e-01   8.6430000e-01   8.6900000e-02   9.1620000e-01   5.5840000e-01   3.1800000e-01   1.7260000e-01   7.8800000e-02   3.2100000e-02
   7.5500000e+02   2.4140000e-01   6.2705000e-01   1.7455000e-01   1.2505000e-01   4.2490000e-01   2.1205000e-01   6.0625000e-01   4.3595000e-01   6.5850000e-01   6.2495000e-01   3.5300000e-01   6.4610000e-01   6.7150000e-02   8.6700000e-02   7.5065000e-01   7.5230000e-01   8.6640000e-01   8.9700000e-02   9.1395000e-01   5.5680000e-01   3.1580000e-01   1.7175000e-01   7.8450000e-02   3.2100000e-02
   7.6000000e+02   2.4780000e-01   6.3500000e-01   1.8090000e-01   1.2710000e-01   4.3270000e-01   2.1040000e-01   6.0990000e-01   4.6190000e-01   6.5720000e-01   6.5380000e-01   3.5170000e-01   6.4860000e-01   6.9600000e-02   8.7000000e-02   7.5060000e-01   7.5270000e-01   8.6850000e-01   9.2500000e-02   9.1170000e-01   5.5520000e-01   3.1360000e-01   1.7090000e-01   7.8100000e-02   3.2100000e-02
   7.6500000e+02   2.5420000e-01   6.4295000e-01   1.8725000e-01   1.2915000e-01   4.4050000e-01   2.0875000e-01   6.1355000e-01   4.8785000e-01   6.5590000e-01   6.8265000e-01   3.5040000e-01   6.5110000e-01   7.2050000e-02   8.7300000e-02   7.5055000e-01   7.5310000e-01   8.7060000e-01   9.5300000e-02   9.0945000e-01   5.5360000e-01   3.1140000e-01   1.7005000e-01   7.7750000e-02   3.2100000e-02
   7.7000000e+02   2.6060000e-01   6.5090000e-01   1.9360000e-01   1.3120000e-01   4.4830000e-01   2.0710000e-01   6.1720000e-01   5.1380000e-01   6.5460000e-01   7.1150000e-01   3.4910000e-01   6.5360000e-01   7.4500000e-02   8.7600000e-02   7.5050000e-01   7.5350000e-01   8.7270000e-01   9.8100000e-02   9.0720000e-01   5.5200000e-01   3.0920000e-01   1.6920000e-01   7.7400000e-02   3.2100000e-02
   7.7500000e+02   2.6700000e-01   6.5885000e-01   1.9995000e-01   1.3325000e-01   4.5610000e-01   2.0545000e-01   6.2085000e-01   5.3975000e-01   6.5330000e-01   7.4035000e-01   3.4780000e-01   6.5610000e-01   7.6950000e-02   8.7900000e-02   7.5045000e-01   7.5390000e-01   8.7480000e-01   1.0090000e-01   9.0495000e-01   5.5040000e-01   3.0700000e-01   1.6835000e-01   7.7050000e-02   3.2100000e-02
   7.8000000e+02   2.7340000e-01   6.6680000e-01   2.0630000e-01   1.3530000e-01   4.6390000e-01   2.0380000e-01   6.2450000e-01   5.6570000e-01   6.5200000e-01   7.6920000e-01   3.4650000e-01   6.5860000e-01   7.9400000e-02   8.8200000e-02   7.5040000e-01   7.5430000e-01   8.7690000e-01   1.0370000e-01   9.0270000e-01   5.4880000e-01   3.0480000e-01   1.6750000e-01   7.6700000e-02   3.2100000e-02
