   3.8000000e+02   7.0786559e-02   1.4501737e-01   3.3711638e-01   3.6510332e-02   3.3398828e-01   8.3931103e-02   1.7132448e-02   3.1166431e-01   1.6127029e-01   1.7627350e-01   1.5421731e-02   1.9138470e-02   2.0805722e-01   3.0679452e-02   8.6961445e-02   1.8421128e-02   3.1659932e-01   3.1101187e-01   1.6042385e-01   6.5833976e-02   9.7458817e-02   1.7549934e-01   9.0315620e-02   3.8805171e-02
   3.8500000e+02   8.2359242e-02   1.8073914e-01   4.5939056e-01   3.8230090e-02   4.5555477e-01   8.9412213e-02   1.0000407e-02   4.3324927e-01   2.0697618e-01   2.4083295e-01   8.1316559e-03   1.2634444e-02   2.9302820e-01   2.9918942e-02   1.0135937e-01   1.2238073e-02   4.3511449e-01   4.2922746e-01   2.1457284e-01   8.0200300e-02   1.0919539e-01   2.3179323e-01   1.2351439e-01   4.9887811e-02
   3.9000000e+02   9.4003969e-02   2.1590767e-01   5.7987862e-01   3.9989630e-02   5.7540500e-01   9.5360007e-02   2.6494535e-03   5.5312079e-01   2.5210373e-01   3.0449914e-01   5.4408015e-04   5.9460177e-03   3.7687254e-01   2.9141158e-02   1.1582020e-01   5.8815621e-03   5.5176495e-01   5.4560713e-01   2.6905552e-01   9.4666417e-02   1.2116080e-01   2.8727267e-01   1.5610765e-01   6.0866407e-02
   3.9500000e+02   9.9070372e-02   2.5664495e-01   7.3883301e-01   3.6818408e-02   7.3770246e-01   9.0620060e-02   1.9306387e-03   7.1854954e-01   3.0704611e-01   3.8872624e-01   1.0934387e-03   3.4836497e-03   4.9601841e-01   2.5545879e-02   1.2503715e-01   3.4214168e-03   7.1642911e-01   7.0334215e-01   3.4983397e-01   1.2729512e-01   1.2526474e-01   3.5622272e-01   2.0423633e-01   7.2600921e-02
   4.0000000e+02   1.0454828e-01   2.9433171e-01   8.8794063e-01   3.3878474e-02   8.9053502e-01   8.8469470e-02   2.6454533e-17   8.7452746e-01   3.5880239e-01   4.6802950e-01  -1.9515639e-17   2.4286129e-17   6.0894802e-01   2.1865633e-02   1.3461219e-01  -9.1072982e-18   8.7080234e-01   8.5095135e-01   4.3245480e-01   1.6047035e-01   1.3064093e-01   4.2068466e-01   2.4902903e-01   8.3764601e-02
   4.0500000e+02   8.1903602e-02   2.8989818e-01   9.4261937e-01   2.4468821e-02   9.5664967e-01   5.1354959e-02   1.9931870e-02   9.5189585e-01   3.6097185e-01   4.9719943e-01   2.3268982e-02   1.4573253e-02   6.7400746e-01   1.7917036e-02   1.0850815e-01   1.3737020e-02   9.5133078e-01   9.1794880e-01   4.9531886e-01   2.1095936e-01   9.9518467e-02   4.3245424e-01   2.8526454e-01   8.0474772e-02
   4.1000000e+02   6.0585230e-02   2.7593717e-01   9.6680957e-01   1.5786288e-02   9.9344639e-01   2.2332144e-02   3.6114068e-02   1.0000000e+00   3.5329898e-01   5.1115042e-01   4.1532712e-02   2.5955224e-02   7.1981763e-01   1.3749279e-02   8.3602601e-02   2.4484764e-02   1.0000000e+00   9.5354364e-01   5.6387148e-01   2.6309400e-01   7.2311762e-02   4.3029892e-01   3.1116518e-01   7.5428248e-02
   4.1500000e+02   3.6312529e-02   2.3192419e-01   8.8206636e-01   8.9672834e-03   9.2168162e-01   3.1020133e-03   4.7208761e-02   9.3868612e-01   3.0630295e-01   4.6776766e-01   5.2454168e-02   3.4277244e-02   6.8950350e-01   1.0338476e-02   5.1899155e-02   3.2276739e-02   9.3510018e-01   8.8168192e-01   6.0469673e-01   3.0496021e-01   4.7018654e-02   3.7992763e-01   3.0367661e-01   6.2397493e-02
   4.2000000e+02   1.4784049e-02   1.6875656e-01   7.3745117e-01   3.5139127e-03   7.9231266e-01   5.5511151e-17   5.1004686e-02   8.1994416e-01   2.4008168e-01   3.9463902e-01   5.4020600e-02   3.6220826e-02   6.2143168e-01   6.6333144e-03   2.2925987e-02   3.4179118e-02   8.0777434e-01   7.4792484e-01   6.5657652e-01   3.4983961e-01   2.9176923e-02   3.0203682e-01   2.7584014e-01   4.5948004e-02
   4.2500000e+02   8.2579357e-03   1.1418218e-01   5.5337190e-01   2.6381864e-03   6.2119605e-01   4.1435585e-02   3.7672339e-02   6.4986043e-01   1.7230342e-01   2.9950262e-01   3.5161497e-02   2.5663565e-02   5.1332648e-01   3.2514599e-03   1.1844693e-02   2.3744925e-02   6.2268842e-01   5.6813257e-01   7.0526819e-01   3.8527563e-01   4.9657874e-02   2.1709999e-01   2.1823123e-01   3.1900597e-02
   4.3000000e+02   2.0816682e-17   6.9726625e-02   4.0793822e-01   0.0000000e+00   4.8725764e-01   7.2896832e-02   2.9615513e-02   5.1727152e-01   1.1735639e-01   2.2425432e-01   2.4888551e-02   1.8874952e-02   4.3005794e-01   2.7134365e-04   3.9227717e-04   1.7249350e-02   4.7911659e-01   4.2733998e-01   7.4609911e-01   4.1782201e-01   6.3611101e-02   1.4894888e-01   1.7338728e-01   2.0088604e-02
   4.3500000e+02   1.2164960e-03   3.0122953e-02   2.2434282e-01   1.5940682e-03   3.1641298e-01   1.4280156e-01   1.4006869e-02   3.4031833e-01   5.7370733e-02   1.2766184e-01   6.4360109e-03   7.3785911e-03   3.1449305e-01  -4.8572257e-17   0.0000000e+00   6.2519344e-03   2.8634542e-01   2.4523428e-01   7.9895119e-01   4.5783601e-01   1.0916956e-01   7.1285164e-02   1.0624586e-01   8.8192835e-03
   4.4000000e+02  -1.3877788e-17  -5.5511151e-17   8.4371997e-02   1.3877788e-17   1.8765098e-01   2.0123500e-01   5.0250179e-03   2.0623422e-01   1.2160432e-02   5.4099495e-02   0.0000000e+00   1.3877788e-17   2.2755781e-01  -5.5511151e-17  -1.3877788e-17  -1.3877788e-17   1.4189688e-01   1.0648349e-01   8.4219586e-01   4.9389192e-01   1.4547551e-01   1.1649534e-02   5.3115650e-02   0.0000000e+00
   4.4500000e+02   1.0648844e-02   1.5038697e-02   2.7232834e-02   8.5475818e-03   1.3544169e-01   2.7015455e-01   1.3877788e-17   1.4005223e-01   7.5592694e-04   1.8771798e-02   1.3877788e-17   0.0000000e+00   1.8012551e-01   9.6582455e-03   9.0997880e-03   7.1090639e-04   6.6328119e-02   5.0297916e-02   8.7477831e-01   5.2713574e-01   2.0302469e-01   1.5418350e-04   2.1928162e-02   6.9388939e-18
   4.5000000e+02   2.0059321e-02   3.4109177e-02   0.0000000e+00   1.4270331e-02   1.1198907e-01   3.3213318e-01   0.0000000e+00   1.0359618e-01   0.0000000e+00  -2.7755576e-17   1.0947497e-02   2.3155184e-03   1.5268747e-01   2.0010638e-02   2.0293289e-02   4.6893297e-03   2.4922209e-02   2.2671330e-02   9.0005744e-01   5.5653651e-01   2.5264222e-01   0.0000000e+00   0.0000000e+00   1.7852148e-03
   4.5500000e+02   4.3545899e-02   9.7629826e-02   4.2219239e-02   3.6897565e-02   1.5213095e-01   4.0672742e-01   8.0942059e-03   1.2134470e-01   2.7225466e-02   1.1368914e-02   3.0582656e-02   1.7696604e-02   1.5523868e-01   4.5718446e-02   3.8310729e-02   2.0926149e-02   3.6782119e-02   6.6027847e-02   9.2028079e-01   5.9083058e-01   3.2674527e-01   4.3324111e-02   1.8619018e-03   1.1329400e-02
   4.6000000e+02   6.3658419e-02   1.6680988e-01   1.1493437e-01   5.5475445e-02   2.2207748e-01   4.7154716e-01   2.1669559e-02   1.6982063e-01   6.4717586e-02   3.9083016e-02   6.0114136e-02   3.6350368e-02   1.7863358e-01   7.0501741e-02   5.5908339e-02   4.1136289e-02   8.4283924e-02   1.3978944e-01   9.3312388e-01   6.2234957e-01   3.9232702e-01   9.8582116e-02   1.3097884e-02   2.2274526e-02
   4.6500000e+02   9.2154569e-02   2.8088877e-01   2.5061473e-01   8.4814372e-02   3.5173763e-01   5.4739044e-01   4.4399166e-02   2.6839093e-01   1.2883024e-01   9.3444834e-02   9.7041012e-02   6.8825598e-02   2.3051068e-01   1.0469947e-01   7.7316149e-02   7.3945315e-02   1.8350085e-01   2.7937809e-01   9.4463966e-01   6.6324241e-01   4.8260983e-01   1.9430241e-01   4.2847130e-02   3.9664914e-02
   4.7000000e+02   1.0966547e-01   4.1018290e-01   4.3964518e-01   1.0490233e-01   5.3469288e-01   5.9936586e-01   7.7168046e-02   4.2140521e-01   2.0918444e-01   1.7462254e-01   1.4642220e-01   1.0945788e-01   3.1960881e-01   1.3322037e-01   9.0876635e-02   1.1514260e-01   3.4612486e-01   4.7591164e-01   9.4392444e-01   7.0269538e-01   5.5817902e-01   3.1248403e-01   8.9097680e-02   5.8481374e-02
   4.7500000e+02   1.3480206e-01   5.4777434e-01   6.0742706e-01   1.3327671e-01   6.9647579e-01   6.7453518e-01   1.1332545e-01   5.4706503e-01   2.8748536e-01   2.4256738e-01   1.9973183e-01   1.5679167e-01   3.8743341e-01   1.6997484e-01   1.1032076e-01   1.6419824e-01   4.7990007e-01   6.5050745e-01   9.5080818e-01   7.5187996e-01   6.5462693e-01   4.2771925e-01   1.2743596e-01   7.7692528e-02
   4.8000000e+02   1.5184802e-01   6.7513944e-01   7.5773225e-01   1.5258230e-01   8.4349731e-01   7.4499529e-01   1.5173081e-01   6.5989837e-01   3.5974994e-01   3.0298024e-01   2.5768074e-01   2.0443422e-01   4.4853849e-01   2.0068094e-01   1.2656481e-01   2.1498626e-01   6.0506272e-01   8.0776847e-01   9.5755585e-01   8.0211303e-01   7.4273567e-01   5.3159121e-01   1.5768533e-01   9.4244253e-02
   4.8500000e+02   1.7971447e-01   8.0001860e-01   8.6241972e-01   1.9762762e-01   9.4136218e-01   8.1985078e-01   1.8841614e-01   7.2159134e-01   4.0828769e-01   3.3445570e-01   3.0436655e-01   2.5997779e-01   4.7156383e-01   2.4911653e-01   1.3271300e-01   2.7274135e-01   6.6499061e-01   9.2611487e-01   9.6859716e-01   8.5960681e-01   8.4214632e-01   6.2156415e-01   1.9177119e-01   1.0825563e-01
   4.9000000e+02   2.0102556e-01   9.0462142e-01   9.2428591e-01   2.3370962e-01   1.0000000e+00   8.9759156e-01   2.2462634e-01   7.4640126e-01   4.4306473e-01   3.4641262e-01   3.5385526e-01   3.1271936e-01   4.7216226e-01   2.9180436e-01   1.3827996e-01   3.2973435e-01   6.9066708e-01   1.0000000e+00   9.8362512e-01   9.1852737e-01   9.3514967e-01   6.8772884e-01   2.0888797e-01   1.1825032e-01
   4.9500000e+02   2.2311384e-01   9.3256608e-01   8.8214268e-01   2.8367469e-01   9.5033942e-01   9.4969998e-01   2.5553598e-01   6.7968439e-01   4.2238827e-01   3.1067477e-01   4.1068064e-01   3.6095332e-01   4.1385891e-01   3.5162717e-01   1.3056260e-01   3.9064497e-01   6.1218668e-01   9.6942328e-01   9.9362284e-01   9.6028055e-01   9.7888461e-01   6.8924601e-01   2.2278847e-01   1.1810863e-01
   5.0000000e+02   2.3037785e-01   9.3327094e-01   8.1009734e-01   3.1331727e-01   8.7567172e-01   9.9431728e-01   2.9315404e-01   5.9326634e-01   3.9304844e-01   2.6500119e-01   4.8677191e-01   4.0857464e-01   3.4650684e-01   4.0119813e-01   1.2252514e-01   4.5552157e-01   5.2517598e-01   9.0540252e-01   1.0000000e+00   1.0000000e+00   1.0000000e+00   6.6691087e-01   2.2106944e-01   1.1332031e-01
   5.0500000e+02   2.4348099e-01   8.6648267e-01   6.9662727e-01   3.5085482e-01   7.5061567e-01   1.0000000e+00   3.1220528e-01   4.7650261e-01   3.3336317e-01   2.0755426e-01   5.5362434e-01   4.3812839e-01   2.6142320e-01   4.5862209e-01   1.1215265e-01   5.1146323e-01   3.9621521e-01   7.9289024e-01   1.0000000e+00   9.9902482e-01   9.6277940e-01   6.0556611e-01   2.2776078e-01   1.0439134e-01
   5.1000000e+02   2.3928581e-01   7.8487592e-01   5.6238720e-01   3.6998001e-01   6.0978756e-01   9.9171597e-01   3.3736615e-01   3.4763442e-01   2.6588891e-01   1.4174049e-01   6.3083232e-01   4.7012507e-01   1.7178466e-01   5.0359633e-01   9.3710974e-02   5.7235601e-01   2.6457564e-01   6.6097067e-01   9.9737035e-01   1.0000000e+00   9.0760684e-01   5.2842596e-01   2.2320565e-01   9.0853504e-02
   5.1500000e+02   2.2749708e-01   6.7134662e-01   4.6316443e-01   3.5792644e-01   5.0177506e-01   9.4623470e-01   3.4197663e-01   2.6611032e-01   2.1668530e-01   1.0761236e-01   6.8798521e-01   4.7297886e-01   1.1960977e-01   5.1861613e-01   9.1457137e-02   6.0823814e-01   1.9126415e-01   5.4833706e-01   9.8378886e-01   9.5172927e-01   8.0571077e-01   4.4865726e-01   2.1278568e-01   7.9297197e-02
   5.2000000e+02   2.1363464e-01   5.6757942e-01   3.4727840e-01   3.4998371e-01   3.7834526e-01   8.9935447e-01   3.4168229e-01   1.6661014e-01   1.5892313e-01   6.0502606e-02   7.2601001e-01   4.7722846e-01   5.4756636e-02   5.3029614e-01   7.8640966e-02   6.4246781e-01   9.4409035e-02   4.2565044e-01   9.7762626e-01   9.1125611e-01   7.1544262e-01   3.6742395e-01   1.9878573e-01   6.6103072e-02
   5.2500000e+02   1.6333902e-01   4.2695164e-01   2.6143472e-01   2.7531804e-01   2.9345839e-01   8.0159421e-01   3.3527202e-01   1.2140338e-01   1.2327390e-01   4.5453272e-02   7.6247282e-01   4.5543964e-01   3.7984114e-02   4.8607977e-01   7.4967139e-02   6.5262921e-01   8.3608832e-02   3.1853626e-01   9.4703250e-01   8.2972901e-01   5.6316119e-01   2.7449820e-01   1.6068502e-01   5.0119072e-02
   5.3000000e+02   1.1749438e-01   3.0654031e-01   1.6927557e-01   2.1340346e-01   2.0148528e-01   7.0645209e-01   3.2087114e-01   6.4361753e-02   8.2074919e-02   2.0588071e-02   7.7164180e-01   4.3496317e-01   1.0925615e-02   4.4298194e-01   6.1286320e-02   6.5920408e-01   5.0541999e-02   2.1295364e-01   9.2573633e-01   7.5680210e-01   4.3221881e-01   1.8901616e-01   1.2479694e-01   3.4363022e-02
   5.3500000e+02   8.7317980e-02   2.2024672e-01   1.2574482e-01   1.6516013e-01   1.5379057e-01   6.0956997e-01   2.8543057e-01   4.7442533e-02   6.0030274e-02   1.6730285e-02   7.2847051e-01   3.9952185e-01   8.3073818e-03   3.9354339e-01   5.2259459e-02   6.3885147e-01   4.5297688e-02   1.5706031e-01   9.0530293e-01   6.7285288e-01   3.2681892e-01   1.3638717e-01   1.0190448e-01   2.5363927e-02
   5.4000000e+02   7.1144885e-02   1.5679049e-01   8.8676876e-02   1.3741999e-01   1.0897923e-01   5.2377527e-01   2.4030492e-01   2.7780320e-02   3.8274798e-02   1.0158733e-02   6.5928963e-01   3.6326958e-01   0.0000000e+00   3.5263654e-01   4.1293485e-02   6.1268814e-01   2.3916518e-02   1.1224609e-01   8.9343568e-01   5.9385485e-01   2.4789620e-01   9.7915615e-02   8.6889867e-02   1.9280430e-02
   5.4500000e+02   3.3217786e-02   8.0223088e-02   4.8367636e-02   8.0295265e-02   6.7849146e-02   4.1541362e-01   2.0322931e-01   1.6570648e-02   2.0140627e-02   7.0112317e-03   5.9869575e-01   3.2624407e-01   2.7590569e-03   2.8839025e-01   2.7317419e-02   5.8536637e-01   2.8233944e-02   6.2149356e-02   8.7078841e-01   5.1036744e-01   1.4483177e-01   4.8794893e-02   5.9310589e-02   9.3844907e-03
   5.5000000e+02   4.0114001e-03   2.1633609e-02   1.0364174e-02   3.7665416e-02   2.6868398e-02   3.1358034e-01   1.5883129e-01   1.1865308e-03   8.2492217e-04   0.0000000e+00   5.1674974e-01   2.8919967e-01   0.0000000e+00   2.2904044e-01   9.5415753e-03   5.5399500e-01   1.8372232e-02   1.9001834e-02   8.5518381e-01   4.3186257e-01   6.1763054e-02   9.5747341e-03   3.6760350e-02   1.1504433e-03
   5.5500000e+02  -1.3877788e-17   3.5430715e-03   2.4199591e-03   2.1824861e-02   1.1921989e-02   2.3794142e-01   1.1120351e-01   8.7197950e-04   0.0000000e+00   2.6628387e-03   4.1193380e-01   2.5554310e-01   1.6141666e-03   1.8288201e-01   5.0048111e-03   5.1753466e-01   1.3754714e-02   5.4486427e-03   8.4868149e-01   3.6166300e-01   2.2428312e-02   5.5511151e-17   2.6611872e-02  -6.9388939e-18
   5.6000000e+02   5.5736281e-03   5.5511151e-17  -2.7755576e-17   1.9451048e-02  -5.5511151e-17   1.6990304e-01   5.7432734e-02   2.7755576e-17   0.0000000e+00   4.4559206e-03   2.9111098e-01   2.2121764e-01   3.1654214e-04   1.4272224e-01   0.0000000e+00   4.7728404e-01   2.7755576e-17   0.0000000e+00   8.4738045e-01   2.9418663e-01   0.0000000e+00   5.5511151e-17   2.1997475e-02   9.3128372e-04
   5.6500000e+02   8.8811119e-03   2.1910629e-02   2.2129481e-03   1.6601406e-02   0.0000000e+00   1.1806250e-01   3.1485435e-02   1.8251254e-03   1.3604276e-02   6.1184703e-03   1.9457762e-01   2.1065359e-01   8.7096529e-04   1.0518615e-01  -2.7755576e-17   4.5609382e-01   2.3918148e-03   5.5808411e-04   8.5456184e-01   2.5851284e-01  -5.5511151e-17   9.1490510e-03   1.7044682e-02   1.8743353e-03
   5.7000000e+02   2.3771247e-02   5.6129042e-02   1.3903680e-02   2.7557663e-02   6.3363678e-03   7.5872201e-02   0.0000000e+00   6.8300968e-03   3.0267283e-02   1.0013133e-02   8.6134606e-02   1.9861598e-01   9.4461495e-04   7.5508649e-02   3.1442304e-03   4.3096860e-01   0.0000000e+00   1.1185223e-02   8.6552226e-01   2.2338844e-01   1.5376146e-02   2.8474032e-02   1.8720938e-02   5.5757149e-03
   5.7500000e+02   5.2201271e-03   9.8559159e-02   5.3351041e-04   6.7636671e-03   7.5678923e-03   3.2187947e-02   2.9553271e-02   2.2043819e-04   5.5281237e-02   2.5317814e-03   4.7137618e-02   2.3166552e-01   0.0000000e+00   3.3005912e-02   1.6617465e-03   4.4864653e-01   2.5965936e-02  -2.7755576e-17   8.8099899e-01   2.4225279e-01   2.7046768e-02   3.3244195e-02   5.5988607e-03   1.1151283e-03
   5.8000000e+02   2.7755576e-17   1.5113079e-01  -2.7755576e-17   0.0000000e+00   1.7938470e-02   5.5511151e-17   5.4131860e-02   0.0000000e+00   8.5307975e-02   0.0000000e+00   0.0000000e+00   2.6250200e-01   6.7723681e-04  -2.7755576e-17   6.5913457e-03   4.6226614e-01   5.0953373e-02   4.2714205e-04   8.9897096e-01   2.5969782e-01   5.2627933e-02   4.8593170e-02  -1.3877788e-17   6.9388939e-18
   5.8500000e+02   2.4964857e-02   2.5950170e-01   3.3211294e-02   2.6164538e-02   6.7846889e-02   3.6183801e-02   1.3828995e-01   1.6394666e-02   1.5458585e-01   1.0474728e-02   1.9748830e-02   3.4095869e-01   6.8072249e-03   7.2808838e-03   4.8002480e-02   5.1205707e-01   1.0908341e-01   2.7702836e-02   9.2464093e-01   3.3725755e-01   1.4386030e-01   9.7086766e-02   1.4125477e-02   6.5327902e-03
   5.9000000e+02   6.4864225e-02   3.6542365e-01   8.6497612e-02   6.1770692e-02   1.3345048e-01   8.6731910e-02   2.2150413e-01   4.8385036e-02   2.3424378e-01   3.4113839e-02   4.9011699e-02   4.1512094e-01   2.1589608e-02   2.6693335e-02   1.0601385e-01   5.5882100e-01   1.8056039e-01   6.7250008e-02   9.4700097e-01   4.0636568e-01   2.3799338e-01   1.5324161e-01   3.6042770e-02   1.7335914e-02
   5.9500000e+02   2.2505690e-02   4.4899055e-01   4.3365809e-02   2.4256667e-02   1.3559824e-01   1.0288688e-01   3.8045264e-01   1.6651136e-02   2.8794059e-01   9.4992903e-03   1.7120083e-01   5.4415963e-01   7.7575278e-03   5.3662911e-03   1.2299866e-01   6.6274129e-01   2.4558647e-01   2.6543472e-02   9.5995267e-01   5.4394678e-01   2.9219657e-01   1.5187877e-01   1.2798742e-02   5.8574842e-03
   6.0000000e+02   2.7755576e-17   5.3086926e-01   2.6325853e-02   0.0000000e+00   1.5804008e-01   1.3795981e-01   5.3763078e-01   4.7435644e-03   3.5491525e-01   1.5506882e-03   3.0394897e-01   6.6769790e-01   4.6869087e-03  -5.5511151e-17   1.6099143e-01   7.6247063e-01   3.2677730e-01   2.2793544e-03   9.6918278e-01   6.7106156e-01   3.5167759e-01   1.6119264e-01  -2.7755576e-17  -6.9388939e-18
   6.0500000e+02   7.7945396e-03   6.1940682e-01   3.0887080e-02   1.1679043e-02   1.8964727e-01   2.0153478e-01   6.6975947e-01   0.0000000e+00   4.1726407e-01   0.0000000e+00   4.1945907e-01   7.7444250e-01  -6.9388939e-18   2.4010793e-02   2.0461194e-01   8.4588007e-01   3.8611023e-01   0.0000000e+00   9.8024923e-01   7.8759443e-01   4.3381422e-01   1.8752622e-01   6.0550759e-03   1.0141373e-03
   6.1000000e+02   3.3758305e-02   7.0149852e-01   6.1282736e-02   3.3271356e-02   2.4170165e-01   2.8296095e-01   8.0189837e-01   1.6329908e-02   4.9343009e-01   1.6366796e-02   5.5121190e-01   8.7550612e-01   7.5429869e-03   6.3154226e-02   2.7078858e-01   9.2598641e-01   4.6528493e-01   1.2448924e-02   9.8576143e-01   8.9212638e-01   5.1630242e-01   2.2212282e-01   2.1424615e-02   7.3534341e-03
   6.1500000e+02   1.0282297e-01   7.7899960e-01   1.3494449e-01   9.8286168e-02   3.1417199e-01   3.8425522e-01   8.7146573e-01   5.8115009e-02   5.6311814e-01   5.2030083e-02   6.2549453e-01   9.2999338e-01   2.3946911e-02   1.3048218e-01   3.4510672e-01   9.6372747e-01   5.2194041e-01   6.4953499e-02   9.9380219e-01   9.4959562e-01   6.1173305e-01   2.8089764e-01   6.1663519e-02   2.4810290e-02
   6.2000000e+02   1.8223364e-01   8.4900172e-01   2.2480974e-01   1.6721569e-01   3.9971644e-01   4.9613994e-01   9.4230606e-01   1.1415266e-01   6.4196157e-01   9.9957131e-02   7.1414811e-01   9.8073877e-01   4.9151231e-02   2.0683528e-01   4.3486369e-01   1.0000000e+00   5.9379653e-01   1.2556415e-01   9.9701169e-01   9.9834576e-01   7.0387687e-01   3.4318805e-01   1.0700470e-01   4.5438345e-02
   6.2500000e+02   3.0105094e-01   9.0907300e-01   3.6059306e-01   2.7162624e-01   5.1097818e-01   6.2093038e-01   9.6148604e-01   2.0244215e-01   7.2143135e-01   1.7222561e-01   7.5739071e-01   9.9021975e-01   8.9710730e-02   3.0686078e-01   5.3906504e-01   9.9893131e-01   6.6039518e-01   2.2459784e-01   1.0000000e+00   1.0000000e+00   7.9912719e-01   4.2648590e-01   1.7643824e-01   7.6559624e-02
   6.3000000e+02   4.1444919e-01   9.6048950e-01   4.9292103e-01   3.6828579e-01   6.2021476e-01   7.4155202e-01   9.8418748e-01   2.9079691e-01   8.0038594e-01   2.4491944e-01   8.1000365e-01   1.0000000e+00   1.3178191e-01   4.0350883e-01   6.4373083e-01   1.0000000e+00   7.3200593e-01   3.1857511e-01   1.0000000e+00   1.0000000e+00   8.8459641e-01   5.0407380e-01   2.4257366e-01   1.0648513e-01
   6.3500000e+02   5.0094716e-01   9.8310226e-01   5.9776478e-01   4.4266298e-01   7.0438879e-01   8.1710620e-01   9.9063087e-01   3.6611771e-01   8.5410402e-01   3.0465145e-01   8.4049898e-01   9.9717852e-01   1.7070480e-01   4.7636885e-01   7.1942264e-01   9.9227362e-01   7.8856106e-01   3.9376789e-01   9.9934529e-01   9.8624190e-01   9.3085474e-01   5.5871476e-01   2.9963325e-01   1.2893897e-01
   6.4000000e+02   5.7880073e-01   1.0000000e+00   6.9386896e-01   5.0834061e-01   7.8223863e-01   8.8512285e-01   1.0000000e+00   4.3670827e-01   9.0425104e-01   3.6066266e-01   8.7508017e-01   9.9590261e-01   2.0810841e-01   5.4297379e-01   7.9035825e-01   9.8707780e-01   8.4477819e-01   4.6142298e-01   9.9747022e-01   9.7384381e-01   9.6890427e-01   6.0673745e-01   3.5183634e-01   1.4918672e-01
   6.4500000e+02   6.5669290e-01   1.0000000e+00   7.8866998e-01   5.7627301e-01   8.5539588e-01   9.3806551e-01   9.9725246e-01   5.0934110e-01   9.4448101e-01   4.1738293e-01   8.9899589e-01   9.8395369e-01   2.4795888e-01   6.1001159e-01   8.5497531e-01   9.7287496e-01   8.9513097e-01   5.2862849e-01   9.9332078e-01   9.4809562e-01   9.8955915e-01   6.4865099e-01   4.0985294e-01   1.6867974e-01
   6.5000000e+02   7.2018159e-01   9.9426513e-01   8.6739092e-01   6.3142634e-01   9.1656066e-01   9.7803457e-01   9.9811848e-01   5.7182209e-01   9.7747105e-01   4.6583988e-01   9.2463131e-01   9.7507978e-01   2.8343301e-01   6.6622050e-01   9.0909282e-01   9.6247639e-01   9.4101121e-01   5.8351557e-01   9.8880018e-01   9.2648686e-01   1.0000000e+00   6.8070044e-01   4.5996488e-01   1.8435664e-01
   6.5500000e+02   7.6545871e-01   9.7603490e-01   9.1716406e-01   6.7544328e-01   9.5219223e-01   9.9383073e-01   9.9638071e-01   6.1347110e-01   9.9133135e-01   4.9799279e-01   9.4179819e-01   9.6664459e-01   3.0792422e-01   7.1032864e-01   9.4170995e-01   9.5360817e-01   9.6615598e-01   6.1778143e-01   9.8527124e-01   9.0720921e-01   9.9307452e-01   6.9614499e-01   5.0316338e-01   1.9407758e-01
   6.6000000e+02   8.0014863e-01   9.5442123e-01   9.5478240e-01   7.1044424e-01   9.7868752e-01   1.0000000e+00   9.9702167e-01   6.4715760e-01   9.9958600e-01   5.2361745e-01   9.5911058e-01   9.6057936e-01   3.2879218e-01   7.4638767e-01   9.6604358e-01   9.4744553e-01   9.8715242e-01   6.4304406e-01   9.8183509e-01   8.9138605e-01   9.7940267e-01   7.0459397e-01   5.4059223e-01   2.0096256e-01
   6.6500000e+02   8.2726132e-01   9.3126816e-01   9.7738325e-01   7.4012744e-01   9.9154607e-01   9.9981818e-01   9.9466087e-01   6.6760157e-01   1.0000000e+00   5.4009642e-01   9.6957726e-01   9.5394316e-01   3.4125767e-01   7.7599306e-01   9.8156242e-01   9.4109163e-01   9.9463414e-01   6.5707388e-01   9.7755141e-01   8.7593355e-01   9.6350156e-01   7.0677993e-01   5.7137699e-01   2.0550859e-01
   6.7000000e+02   8.4589253e-01   9.0579167e-01   9.9009075e-01   7.6276336e-01   9.9693591e-01   9.9188199e-01   9.9407660e-01   6.8143380e-01   9.9579111e-01   5.5113411e-01   9.7964007e-01   9.4925660e-01   3.5063138e-01   7.9910863e-01   9.9018201e-01   9.3686297e-01   9.9839199e-01   6.6391496e-01   9.7351218e-01   8.6344008e-01   9.4255016e-01   7.0348027e-01   5.9755851e-01   2.0776831e-01
   6.7500000e+02   8.6124367e-01   8.8481209e-01   9.9938527e-01   7.8064767e-01   1.0000000e+00   9.8569006e-01   9.9226157e-01   6.9131763e-01   9.9240782e-01   5.5969136e-01   9.8615034e-01   9.4431759e-01   3.5713126e-01   8.1712013e-01   9.9777268e-01   9.3243086e-01   1.0000000e+00   6.6803510e-01   9.6895823e-01   8.5123347e-01   9.2570247e-01   7.0044042e-01   6.1751508e-01   2.0968336e-01
   6.8000000e+02   8.6919721e-01   8.6193193e-01   1.0000000e+00   7.9244240e-01   9.9650119e-01   9.7272099e-01   9.9195406e-01   6.9535887e-01   9.8494942e-01   5.6343391e-01   9.9213903e-01   9.4109565e-01   3.6087293e-01   8.2945765e-01   9.9926014e-01   9.2983865e-01   9.9822970e-01   6.6589292e-01   9.6467283e-01   8.4167009e-01   9.0456514e-01   6.9265456e-01   6.3346282e-01   2.0959960e-01
   6.8500000e+02   8.7628610e-01   8.3862231e-01   9.9788613e-01   8.0325455e-01   9.9032059e-01   9.5872805e-01   9.9067651e-01   6.9679086e-01   9.7655500e-01   5.6571286e-01   9.9622622e-01   9.3738975e-01   3.6283307e-01   8.4044307e-01   1.0000000e+00   9.2692161e-01   9.9391763e-01   6.6122524e-01   9.5987130e-01   8.3100745e-01   8.8303368e-01   6.8372598e-01   6.4784664e-01   2.0922728e-01
   6.9000000e+02   8.7905450e-01   8.1420921e-01   9.9070029e-01   8.1051313e-01   9.8030447e-01   9.4077628e-01   9.9027723e-01   6.9480662e-01   9.6577833e-01   5.6517625e-01   1.0000000e+00   9.3468754e-01   3.6317911e-01   8.4811395e-01   9.9717090e-01   9.2507844e-01   9.8762573e-01   6.5290053e-01   9.5522950e-01   8.2189181e-01   8.5900288e-01   6.7202755e-01   6.5988946e-01   2.0768734e-01
   6.9500000e+02   8.7683568e-01   7.8194351e-01   9.7483787e-01   8.1365980e-01   9.6187367e-01   9.1301005e-01   9.8689632e-01   6.8712244e-01   9.4900306e-01   5.6073693e-01   9.9952447e-01   9.2925007e-01   3.6072310e-01   8.5131621e-01   9.8909508e-01   9.2100785e-01   9.7544984e-01   6.3715278e-01   9.4751278e-01   8.0822267e-01   8.2581522e-01   6.5384954e-01   6.6967719e-01   2.0444636e-01
   7.0000000e+02   8.7281211e-01   7.4922977e-01   9.5685157e-01   8.1532793e-01   9.4183570e-01   8.8358874e-01   9.8387797e-01   6.7800346e-01   9.3122826e-01   5.5511444e-01   9.9890065e-01   9.2423356e-01   3.5758654e-01   8.5313254e-01   9.7951965e-01   9.1738442e-01   9.6243357e-01   6.1987820e-01   9.3986846e-01   7.9520613e-01   7.9159536e-01   6.3451845e-01   6.7848766e-01   2.0071716e-01
   7.0500000e+02   8.6429412e-01   7.1043890e-01   9.3625640e-01   8.1278562e-01   9.2000172e-01   8.4635285e-01   9.8100341e-01   6.6937222e-01   9.1071499e-01   5.4904126e-01   9.9886587e-01   9.1818083e-01   3.5607978e-01   8.5158247e-01   9.6668104e-01   9.1292709e-01   9.5125166e-01   6.0057627e-01   9.3041856e-01   7.8054477e-01   7.4912233e-01   6.1123470e-01   6.8691783e-01   1.9578502e-01
   7.1000000e+02   8.5508951e-01   6.7147953e-01   9.1485241e-01   8.0968169e-01   8.9755555e-01   8.0848706e-01   9.7826613e-01   6.6019394e-01   8.8982079e-01   5.4251689e-01   9.9877205e-01   9.1228851e-01   3.5431315e-01   8.4950491e-01   9.5327058e-01   9.0863967e-01   9.3974802e-01   5.8069357e-01   9.2099706e-01   7.6613265e-01   7.0625838e-01   5.8751286e-01   6.9497631e-01   1.9066707e-01
   7.1500000e+02   8.3976058e-01   6.2517234e-01   8.8313879e-01   8.0560619e-01   8.6585070e-01   7.6069652e-01   9.7612803e-01   6.4439508e-01   8.5914636e-01   5.2991940e-01   9.9930462e-01   9.0730493e-01   3.4953515e-01   8.4673321e-01   9.2990879e-01   9.0516795e-01   9.1989558e-01   5.5463602e-01   9.1143020e-01   7.5506857e-01   6.5472300e-01   5.5685555e-01   7.0471213e-01   1.8308277e-01
   7.2000000e+02   8.2385485e-01   5.7872384e-01   8.5074562e-01   8.0105901e-01   8.3363148e-01   7.1237681e-01   9.7410517e-01   6.2813653e-01   8.2815184e-01   5.1694275e-01   9.9978725e-01   9.0245614e-01   3.4453872e-01   8.4351836e-01   9.0606644e-01   9.0183893e-01   8.9977261e-01   5.2809062e-01   9.0188730e-01   7.4421398e-01   6.0285946e-01   5.2583030e-01   7.1413571e-01   1.7534237e-01
   7.2500000e+02   8.0673882e-01   5.2930013e-01   8.0556197e-01   8.0400849e-01   7.8855816e-01   6.5909933e-01   9.7299388e-01   6.0009181e-01   7.8522531e-01   4.9481815e-01   9.9958462e-01   9.0163678e-01   3.3180216e-01   8.4616661e-01   8.7147677e-01   9.0231877e-01   8.6211448e-01   4.9441762e-01   8.9753588e-01   7.4151656e-01   5.4924911e-01   4.8964755e-01   7.2898760e-01   1.6558733e-01
   7.3000000e+02   7.8951070e-01   4.7984898e-01   7.6024626e-01   8.0686631e-01   7.4338488e-01   6.0571901e-01   9.7190499e-01   5.7195775e-01   7.4223658e-01   4.7261986e-01   9.9937226e-01   9.0084361e-01   3.1902315e-01   8.4872875e-01   8.3679371e-01   9.0282633e-01   8.2440376e-01   4.6064982e-01   8.9318912e-01   7.3885987e-01   4.9557501e-01   4.5339331e-01   7.4377882e-01   1.5580195e-01
   7.3500000e+02   7.7099496e-01   4.3195324e-01   7.0094181e-01   8.1970670e-01   6.8399661e-01   5.5070338e-01   9.6921997e-01   5.2937922e-01   6.8442893e-01   4.3856071e-01   9.9503969e-01   9.0373182e-01   2.9613600e-01   8.5847950e-01   7.8728178e-01   9.0640961e-01   7.6300159e-01   4.2137904e-01   8.9609244e-01   7.4802868e-01   4.4582738e-01   4.1387204e-01   7.6407048e-01   1.4395493e-01
   7.4000000e+02   7.5239373e-01   3.8403651e-01   6.4153666e-01   8.3247716e-01   6.2453212e-01   4.9560931e-01   9.6655206e-01   4.8673258e-01   6.2657385e-01   4.0444540e-01   9.9069979e-01   9.0664000e-01   2.7321650e-01   8.6816458e-01   7.3769866e-01   9.1001405e-01   7.0155939e-01   3.8203595e-01   8.9899928e-01   7.5722853e-01   3.9603106e-01   3.7429621e-01   7.8431585e-01   1.3208478e-01
   7.4500000e+02   7.2629625e-01   3.3606715e-01   5.6151502e-01   8.5353566e-01   5.4659465e-01   4.3379083e-01   9.6788669e-01   4.2600638e-01   5.4833244e-01   3.5398490e-01   9.8831441e-01   9.1827618e-01   2.3911931e-01   8.8475513e-01   6.6553486e-01   9.2122654e-01   6.1393251e-01   3.3440374e-01   9.1161826e-01   7.8752233e-01   3.4660924e-01   3.2760136e-01   8.1135464e-01   1.1607980e-01
   7.5000000e+02   7.0011994e-01   2.8807871e-01   4.8140041e-01   8.7452980e-01   4.6858677e-01   3.7190000e-01   9.6923699e-01   3.6521721e-01   4.7004720e-01   3.0347244e-01   9.8592189e-01   9.2993081e-01   2.0499214e-01   9.0128508e-01   5.9330521e-01   9.3245851e-01   5.2626842e-01   2.8670487e-01   9.2424063e-01   8.1784489e-01   2.9714279e-01   2.8085629e-01   8.3835075e-01   1.0005348e-01
   7.5500000e+02   6.7390122e-01   2.4007987e-01   4.0123585e-01   8.9548926e-01   3.9054109e-01   3.0997026e-01   9.7059577e-01   3.0439426e-01   3.9173843e-01   2.5293213e-01   9.8352573e-01   9.4159535e-01   1.7084892e-01   9.1778245e-01   5.2104025e-01   9.4370098e-01   4.3858445e-01   2.3897014e-01   9.3686475e-01   8.4818283e-01   2.4765220e-01   2.3408416e-01   8.6532392e-01   8.4015688e-02
   7.6000000e+02   6.4764864e-01   1.9207280e-01   3.2103137e-01   9.1642106e-01   3.1246518e-01   2.4800946e-01   9.7196130e-01   2.4354428e-01   3.1341085e-01   2.0236952e-01   9.8112655e-01   9.5326782e-01   1.3669285e-01   9.3425381e-01   4.4874704e-01   9.5495181e-01   3.5088454e-01   1.9120677e-01   9.4949030e-01   8.7853311e-01   1.9814240e-01   1.8729046e-01   8.9227876e-01   6.7968725e-02
   7.6500000e+02   6.2134884e-01   1.4405429e-01   2.4077121e-01   9.3731430e-01   2.3434711e-01   1.8600532e-01   9.7333621e-01   1.8265659e-01   2.3505702e-01   1.5177579e-01   9.7872310e-01   9.6495133e-01   1.0251884e-01   9.5068886e-01   3.7641439e-01   9.6621432e-01   2.6316234e-01   1.4340346e-01   9.6211788e-01   9.0890061e-01   1.4860586e-01   1.4046667e-01   9.1920804e-01   5.1908977e-02
   7.7000000e+02   5.9504869e-01   9.6035302e-02   1.6051078e-01   9.5820707e-01   1.5622889e-01   1.2400090e-01   9.7471133e-01   1.2176885e-01   1.5670313e-01   1.0118204e-01   9.7632015e-01   9.7663488e-01   6.8344876e-02   9.6712369e-01   3.0408172e-01   9.7747695e-01   1.7544038e-01   9.5599838e-02   9.7474529e-01   9.3926804e-01   9.9068754e-02   9.3642537e-02   9.4613711e-01   3.5849149e-02
   7.7500000e+02   5.6875605e-01   4.8018610e-02   8.0259035e-02   9.7910620e-01   7.8117186e-02   6.2003324e-02   9.7608479e-01   6.0886827e-02   7.8353251e-02   5.0592996e-02   9.7391724e-01   9.8831673e-01   3.4173542e-02   9.8356425e-01   2.3175500e-01   9.8873767e-01   8.7721477e-02   4.7802600e-02   9.8737260e-01   9.6963297e-01   4.9536343e-02   4.6823339e-02   9.7307027e-01   1.9791339e-02
   7.8000000e+02   5.4245711e-01   8.0188609e-17   1.2326489e-16   1.0000000e+00   2.0094756e-16  -7.9488536e-17   9.7745964e-01   5.7019717e-17  -5.8075967e-17   1.2179190e-16   9.7151429e-01   1.0000000e+00  -2.9082135e-17   1.0000000e+00   1.5942327e-01   1.0000000e+00  -1.6200352e-17  -7.8628163e-17   1.0000000e+00   1.0000000e+00  -1.4817994e-17  -2.7342224e-18   1.0000000e+00   3.7318336e-03
