   3.8000000e+02   1.2700000e-01
   3.8500000e+02   1.5400000e-01
   3.9000000e+02   1.8100000e-01
   3.9500000e+02   2.0700000e-01
   4.0000000e+02   2.3300000e-01
   4.0500000e+02   2.5800000e-01
   4.1000000e+02   2.8300000e-01
   4.1500000e+02   3.0700000e-01
   4.2000000e+02   3.3000000e-01
   4.2500000e+02   3.5300000e-01
   4.3000000e+02   3.7400000e-01
   4.3500000e+02   3.9600000e-01
   4.4000000e+02   4.1700000e-01
   4.4500000e+02   4.4200000e-01
   4.5000000e+02   4.6900000e-01
   4.5500000e+02   4.9100000e-01
   4.6000000e+02   5.0000000e-01
   4.6500000e+02   4.9800000e-01
   4.7000000e+02   4.9200000e-01
   4.7500000e+02   4.8300000e-01
   4.8000000e+02   4.7200000e-01
   4.8500000e+02   4.5400000e-01
   4.9000000e+02   4.2700000e-01
   4.9500000e+02   3.9600000e-01
   5.0000000e+02   3.6903440e-01
   5.0500000e+02   3.3500000e-01
   5.1000000e+02   3.0200000e-01
   5.1500000e+02   2.7000000e-01
   5.2000000e+02   2.4000000e-01
   5.2500000e+02   2.1100000e-01
   5.3000000e+02   1.8200000e-01
   5.3500000e+02   1.5600000e-01
   5.4000000e+02   1.3500000e-01
   5.4500000e+02   1.1700000e-01
   5.5000000e+02   1.0100000e-01
   5.5500000e+02   8.8300000e-02
   5.6000000e+02   7.9000000e-02
   5.6500000e+02   7.2400000e-02
   5.7000000e+02   6.6900000e-02
   5.7500000e+02   6.2800000e-02
   5.8000000e+02   6.0000000e-02
   5.8500000e+02   5.8100000e-02
   5.9000000e+02   5.6500000e-02
   5.9500000e+02   5.5400000e-02
   6.0000000e+02   5.5000000e-02
   6.0500000e+02   5.5500000e-02
   6.1000000e+02   5.6600000e-02
   6.1500000e+02   5.8200000e-02
   6.2000000e+02   6.0000000e-02
   6.2500000e+02   6.2400000e-02
   6.3000000e+02   6.5300000e-02
   6.3500000e+02   6.8600000e-02
   6.4000000e+02   7.1700000e-02
   6.4500000e+02   7.4800000e-02
   6.5000000e+02   7.8100000e-02
   6.5500000e+02   8.0600000e-02
   6.6000000e+02   8.1700000e-02
   6.6500000e+02   8.0700000e-02
   6.7000000e+02   7.8400000e-02
   6.7500000e+02   7.5700000e-02
   6.8000000e+02   7.3700000e-02
   6.8500000e+02   7.2400000e-02
   6.9000000e+02   7.1300000e-02
   6.9500000e+02   7.0400000e-02
   7.0000000e+02   6.9700000e-02
   7.0500000e+02   6.9400000e-02
   7.1000000e+02   6.9500000e-02
   7.1500000e+02   6.6000000e-02
   7.2000000e+02   6.4000000e-02
   7.2500000e+02   6.1000000e-02
   7.3000000e+02   6.0000000e-02
   7.3500000e+02   6.0000000e-02
   7.4000000e+02   5.5000000e-02
   7.4500000e+02   5.3000000e-02
   7.5000000e+02   5.3000000e-02
   7.5500000e+02   5.0000000e-02
   7.6000000e+02   4.6000000e-02
   7.6500000e+02   4.6000000e-02
   7.7000000e+02   4.2000000e-02
   7.7500000e+02   4.0000000e-02
   7.8000000e+02   3.7000000e-02
